world: zc
x: 8.564191762634616
y: 33.0625
z: 7.443519488215404
cooldown: 0
stayTime: 120
dayLimit: 99999999
date: -1
