world: world
x: -0.8337385435482073
y: 64.0
z: -1.0979954192845753
cooldown: 60
stayTime: 20
dayLimit: 10
date: -1
